EXCHANGE%3DNASDAQ
MARKET_OPEN_MINUTE=570
MARKET_CLOSE_MINUTE=960
INTERVAL=60
COLUMNS=DATE,CLOSE,HIGH,LOW,OPEN,VOLUME
DATA=
TIMEZONE_OFFSET=-300
a1389969000,2.74,2.74,2.74,2.74,11333
1,2.7399,2.7399,2.7399,2.7399,365
2,2.731,2.731,2.731,2.731,200
3,2.7399,2.7399,2.7399,2.7399,500
4,2.75,2.75,2.739,2.739,3647
5,2.745,2.75,2.745,2.75,730
7,2.75,2.75,2.7496,2.7496,4000
8,2.74,2.741,2.74,2.741,3418
9,2.73,2.74,2.7299,2.74,10392
10,2.729,2.73,2.729,2.73,5600
11,2.73,2.73,2.73,2.73,185
12,2.73,2.73,2.7299,2.73,3068
14,2.7236,2.7236,2.7236,2.7236,250
15,2.73,2.73,2.73,2.73,200
16,2.7235,2.7299,2.7235,2.7299,1800
19,2.7299,2.7299,2.7299,2.7299,500
20,2.7204,2.73,2.7204,2.73,250
21,2.721,2.721,2.72,2.721,1450
22,2.72,2.73,2.72,2.73,200
23,2.7201,2.7201,2.7201,2.7201,552
25,2.73,2.73,2.72,2.7201,2200
26,2.73,2.73,2.73,2.73,200
28,2.701,2.73,2.7,2.73,6300
29,2.7,2.71,2.7,2.71,5100
31,2.71,2.71,2.7,2.7099,4420
33,2.71,2.71,2.71,2.71,100
35,2.72,2.72,2.72,2.72,1800
37,2.7175,2.72,2.7175,2.72,1600
39,2.72,2.72,2.72,2.72,100
43,2.7198,2.72,2.7198,2.72,1000
44,2.7199,2.72,2.7199,2.72,6100
45,2.73,2.73,2.7175,2.7175,14567
47,2.75,2.75,2.74,2.74,4750
48,2.76,2.77,2.7401,2.75,68599
49,2.77,2.77,2.76,2.7699,11876
50,2.7999,2.8,2.77,2.77,63293
51,2.84,2.84,2.79,2.795,117972
52,2.82,2.85,2.76,2.84,131948
53,2.8399,2.85,2.81,2.81,46476
54,2.8201,2.84,2.81,2.8301,20697
55,2.8201,2.83,2.81,2.82,19810
56,2.83,2.83,2.82,2.82,1509
57,2.822,2.84,2.822,2.84,25038
58,2.82,2.831,2.82,2.82,25960
59,2.8396,2.84,2.82,2.8225,13408
60,2.84,2.85,2.8301,2.8301,43874
61,2.84,2.84,2.83,2.84,5128
62,2.83,2.84,2.82,2.83,28325
63,2.82,2.8201,2.81,2.82,9992
64,2.82,2.82,2.8,2.82,21946
65,2.83,2.83,2.8299,2.8299,3320
66,2.82,2.82,2.82,2.82,400
67,2.83,2.83,2.8201,2.8201,1400
68,2.8168,2.8201,2.81,2.82,24692
69,2.8101,2.82,2.8101,2.82,11207
70,2.81,2.81,2.81,2.81,1400
71,2.8199,2.8199,2.8184,2.8184,6211
72,2.8,2.81,2.8,2.81,11887
73,2.8,2.8099,2.8,2.8099,5447
74,2.8099,2.8099,2.8004,2.8004,1179
75,2.81,2.81,2.8099,2.81,2700
76,2.81,2.81,2.81,2.81,100
77,2.808,2.81,2.808,2.809,5425
81,2.8399,2.84,2.82,2.82,16292
82,2.83,2.8399,2.83,2.8399,6692
83,2.8315,2.84,2.83,2.83,1400
84,2.84,2.84,2.8301,2.8301,7100
85,2.85,2.85,2.8301,2.84,34758
86,2.86,2.879,2.8478,2.85,152464
87,2.86,2.8601,2.86,2.8601,1400
88,2.8622,2.87,2.85,2.8604,23805
89,2.89,2.89,2.87,2.87,24694
90,2.8901,2.9,2.88,2.89,91031
91,2.9,2.91,2.89,2.9,21220
92,2.8701,2.909,2.8701,2.901,33394
93,2.879,2.879,2.87,2.87,3450
94,2.87,2.87,2.87,2.87,4694
95,2.86,2.87,2.86,2.87,5097
96,2.862,2.872,2.86,2.87,7293
97,2.8575,2.8575,2.8575,2.8575,1000
99,2.83,2.8584,2.8222,2.8584,22640
100,2.83,2.8301,2.8299,2.83,8704
101,2.83,2.83,2.81,2.8296,24292
102,2.8399,2.84,2.8399,2.84,10290
104,2.832,2.84,2.83,2.84,4500
105,2.84,2.84,2.84,2.84,2700
107,2.85,2.85,2.85,2.85,2700
108,2.8468,2.849,2.84,2.84,2700
109,2.8404,2.85,2.8404,2.85,4900
110,2.8401,2.8401,2.8401,2.8401,1500
111,2.84,2.842,2.84,2.84,4258
112,2.8399,2.8399,2.831,2.831,2695
113,2.8378,2.84,2.8378,2.84,5000
115,2.83,2.8399,2.83,2.83,1200
116,2.8399,2.8399,2.8399,2.8399,1000
117,2.83,2.83,2.83,2.83,100
119,2.84,2.84,2.83,2.83,4261
120,2.822,2.83,2.82,2.83,12129
122,2.8299,2.8299,2.8299,2.8299,2000
123,2.8478,2.85,2.8215,2.8215,60861
125,2.85,2.85,2.8499,2.8499,4500
127,2.85,2.85,2.8401,2.8436,1415
128,2.8401,2.8401,2.8401,2.8401,2000
129,2.83,2.84,2.83,2.84,3600
131,2.83,2.83,2.8299,2.8299,2200
132,2.8384,2.8385,2.8301,2.8301,3000
133,2.8382,2.8394,2.8304,2.8304,4700
134,2.8301,2.8301,2.8301,2.8301,600
137,2.83,2.84,2.83,2.84,3198
138,2.84,2.84,2.8375,2.8375,1300
139,2.84,2.84,2.84,2.84,1408
140,2.84,2.84,2.83,2.8367,1900
141,2.83,2.83,2.83,2.83,100
142,2.8301,2.8351,2.8301,2.8351,4670
144,2.8399,2.8399,2.8399,2.8399,1300
146,2.834,2.834,2.834,2.834,1000
147,2.83,2.83,2.83,2.83,200
148,2.84,2.84,2.835,2.84,9180
149,2.84,2.84,2.8375,2.8375,1100
150,2.8304,2.84,2.8304,2.84,1205
151,2.85,2.85,2.84,2.84,14457
152,2.85,2.87,2.85,2.85,34158
154,2.88,2.88,2.86,2.86,17800
155,2.8901,2.8901,2.88,2.88,20468
156,2.91,2.91,2.89,2.89,26350
157,2.9,2.91,2.8901,2.91,25475
158,2.892,2.8999,2.892,2.895,1500
159,2.89,2.91,2.89,2.9,27129
160,2.87,2.88,2.87,2.88,700
161,2.8775,2.8775,2.8775,2.8775,1000
162,2.88,2.88,2.8798,2.8798,2517
163,2.8899,2.8899,2.8899,2.8899,1000
165,2.89,2.89,2.89,2.89,5089
166,2.89,2.9,2.89,2.9,2096
167,2.89,2.9,2.89,2.9,2479
168,2.89,2.8901,2.89,2.89,2100
169,2.88,2.89,2.88,2.89,7324
170,2.87,2.87,2.87,2.87,5000
171,2.8768,2.8768,2.8768,2.8768,1000
173,2.8803,2.8899,2.88,2.88,1897
174,2.87,2.8801,2.87,2.8801,12675
176,2.875,2.875,2.875,2.875,500
177,2.87,2.87,2.87,2.87,200
178,2.87,2.8784,2.87,2.8784,2299
180,2.8622,2.8622,2.8622,2.8622,9000
183,2.86,2.8625,2.86,2.8625,3097
185,2.87,2.87,2.87,2.87,100
186,2.8699,2.8699,2.8699,2.8699,1530
189,2.86,2.861,2.86,2.86,5700
190,2.8625,2.87,2.8625,2.87,2000
193,2.87,2.87,2.8699,2.87,12900
194,2.88,2.88,2.8699,2.8699,19497
195,2.88,2.9,2.87,2.89,21291
196,2.889,2.889,2.879,2.88,4193
197,2.899,2.899,2.89,2.89,2200
198,2.899,2.9,2.8952,2.9,10300
199,2.89,2.89,2.89,2.89,9300
200,2.882,2.882,2.882,2.882,100
201,2.889,2.89,2.882,2.89,800
202,2.89,2.89,2.89,2.89,300
203,2.88,2.89,2.88,2.89,7300
204,2.86,2.8896,2.86,2.8896,15426
205,2.86,2.8602,2.86,2.8602,4900
206,2.87,2.87,2.87,2.87,1000
207,2.869,2.869,2.8625,2.8625,2500
210,2.87,2.87,2.87,2.87,100
211,2.86,2.86,2.86,2.86,100
213,2.86,2.86,2.86,2.86,1000
219,2.87,2.87,2.8601,2.8601,3520
220,2.87,2.87,2.86,2.8614,366
221,2.86,2.87,2.86,2.87,1202
222,2.865,2.8699,2.865,2.8699,750
223,2.87,2.87,2.87,2.87,498
224,2.87,2.87,2.87,2.87,2644
226,2.8799,2.88,2.8799,2.88,3953
227,2.8801,2.8801,2.8793,2.8799,4160
228,2.88,2.88,2.88,2.88,3000
229,2.8764,2.8764,2.8764,2.8764,250
230,2.88,2.88,2.88,2.88,100
231,2.8701,2.8701,2.8701,2.8701,5000
232,2.8701,2.8701,2.8701,2.8701,9600
233,2.87,2.88,2.87,2.88,8500
234,2.83,2.86,2.82,2.86,26679
235,2.831,2.831,2.831,2.831,2380
237,2.84,2.84,2.84,2.84,400
238,2.8601,2.8601,2.84,2.84,17410
239,2.86,2.86,2.86,2.86,2497
240,2.85,2.85,2.85,2.85,2992
241,2.8425,2.845,2.8401,2.845,1000
242,2.84,2.8401,2.84,2.84,4200
243,2.84,2.84,2.84,2.84,2101
245,2.83,2.83,2.83,2.83,600
246,2.8344,2.8386,2.8344,2.8386,3150
247,2.87,2.87,2.8399,2.84,45308
248,2.883,2.89,2.8799,2.88,32705
249,2.881,2.89,2.8799,2.88,30805
250,2.8884,2.8899,2.8884,2.8899,750
251,2.89,2.89,2.8801,2.8887,6300
252,2.89,2.89,2.8899,2.89,20654
253,2.89,2.89,2.89,2.89,200
255,2.8798,2.8801,2.87,2.8801,5500
256,2.8701,2.8701,2.87,2.87,3000
257,2.8725,2.8725,2.8725,2.8725,1300
258,2.8701,2.8701,2.8701,2.8701,5000
259,2.89,2.89,2.88,2.88,9099
260,2.87,2.88,2.85,2.88,15227
262,2.87,2.87,2.8699,2.87,2600
263,2.87,2.87,2.87,2.87,200
265,2.8894,2.89,2.88,2.88,7145
266,2.8878,2.8994,2.8878,2.8899,12987
267,2.882,2.8899,2.88,2.8899,9918
268,2.8703,2.88,2.8703,2.88,2000
271,2.88,2.88,2.85,2.87,8309
272,2.8875,2.89,2.88,2.88,2200
273,2.9,2.9,2.89,2.89,13894
274,2.89,2.9,2.88,2.9,25137
275,2.8804,2.89,2.8804,2.89,4499
277,2.88,2.89,2.88,2.89,22512
279,2.87,2.8801,2.87,2.8801,6399
280,2.8794,2.88,2.8794,2.88,1650
281,2.87,2.8701,2.87,2.8701,900
282,2.8878,2.8878,2.88,2.88,10400
283,2.8899,2.89,2.8899,2.89,1000
284,2.89,2.89,2.89,2.89,400
285,2.8898,2.8898,2.88,2.88,400
286,2.89,2.89,2.89,2.89,400
287,2.89,2.89,2.8899,2.8899,5756
288,2.98,2.99,2.89,2.89,377125
289,3.07,3.1,2.98,2.99,255621
290,3.05,3.12,3.05,3.08,179880
291,3.07,3.07,3.02,3.05,97651
292,3.042,3.07,3.03,3.0601,33086
293,3.05,3.06,3.04,3.045,12888
294,3.04,3.0584,3.04,3.0584,25575
295,3.02,3.04,3,3.0394,73643
296,3.0399,3.04,3.01,3.03,23234
297,3.08,3.08,3.03,3.035,57204
298,3.05,3.09,3.05,3.08,41614
299,3.07,3.08,3.04,3.05,26345
300,3.12,3.12,3.07,3.07,114105
301,3.1301,3.15,3.11,3.1199,81879
302,3.14,3.14,3.1,3.13,43767
303,3.12,3.17,3.11,3.14,104852
304,3.1199,3.13,3.1,3.1199,54335
305,3.11,3.12,3.1099,3.113,33448
306,3.12,3.13,3.1096,3.12,28641
307,3.14,3.15,3.12,3.129,24077
308,3.17,3.17,3.13,3.14,39648
309,3.1499,3.18,3.14,3.17,55297
310,3.1601,3.19,3.14,3.14,39343
311,3.13,3.17,3.12,3.16,39633
312,3.12,3.14,3.1,3.13,35356
313,3.143,3.15,3.12,3.1201,14496
314,3.14,3.15,3.13,3.14,9982
315,3.07,3.15,3.07,3.15,61251
316,3.08,3.11,3.07,3.08,28896
317,3.033,3.0801,3.01,3.08,88696
318,3.05,3.06,3.03,3.05,55210
319,3.03,3.07,3.03,3.05,90909
320,3.0699,3.074,3.03,3.03,38230
321,3.04,3.07,3.04,3.07,20135
322,3.072,3.09,3.04,3.049,45125
323,3.07,3.07,3.03,3.07,28088
324,3.07,3.07,3.06,3.07,13142
325,3.08,3.08,3.06,3.07,17506
326,3.09,3.09,3.08,3.08,4300
327,3.06,3.08,3.06,3.08,12798
328,3.06,3.0699,3.06,3.06,7760
329,3.0544,3.06,3.0544,3.06,2789
330,3.04,3.06,3.04,3.05,6968
331,3.0402,3.0402,3.04,3.0401,2115
332,3.04,3.05,3.03,3.05,33389
333,3.04,3.0462,3.04,3.041,10600
334,3.04,3.0499,3.04,3.0499,4688
335,3.02,3.03,3.01,3.03,42996
336,3.0099,3.02,3.0001,3.02,17959
337,3.03,3.04,3,3,44267
338,3.03,3.03,3.02,3.02,27921
339,3.0262,3.03,3.02,3.02,21731
340,3.04,3.04,3.02,3.02,12044
341,3.01,3.039,3.01,3.039,14299
342,3.0099,3.015,3.0099,3.013,16772
343,3.0004,3.01,3.0001,3.0008,9796
344,2.97,3,2.96,3,42442
345,2.9902,3,2.97,2.97,42545
346,2.9801,2.9901,2.9701,2.9901,15397
347,2.98,2.99,2.98,2.98,23141
348,2.965,2.9702,2.965,2.97,9630
349,2.97,2.97,2.96,2.9699,57161
350,2.96,2.97,2.95,2.96,43693
351,2.97,2.97,2.9699,2.9699,28677
352,2.9699,2.97,2.9616,2.97,6102
353,2.951,2.9699,2.951,2.9699,14070
354,2.94,2.96,2.93,2.96,74939
355,2.93,2.9325,2.91,2.932,51218
356,2.939,2.94,2.92,2.93,37620
357,2.9301,2.97,2.92,2.94,32082
358,2.91,2.94,2.91,2.9399,35082
359,2.91,2.911,2.88,2.91,77410
360,2.88,2.9199,2.88,2.9199,39025
361,2.93,2.94,2.88,2.88,38024
362,2.92,2.9399,2.9199,2.9399,3359
363,2.91,2.9299,2.91,2.921,7039
364,2.88,2.91,2.88,2.91,26377
365,2.8997,2.8997,2.881,2.881,4500
366,2.9099,2.9099,2.895,2.8999,3292
367,2.905,2.91,2.9001,2.905,13154
368,2.9,2.9,2.885,2.9,18996
369,2.907,2.907,2.89,2.9,4000
370,2.9,2.905,2.9,2.905,9121
371,2.9199,2.92,2.9,2.9,15396
372,2.93,2.93,2.92,2.92,5723
373,2.9399,2.94,2.92,2.92,11322
374,2.92,2.935,2.91,2.93,19623
375,2.92,2.92,2.91,2.91,6981
376,2.9006,2.92,2.9,2.92,46865
377,2.8901,2.91,2.89,2.9,31696
378,2.891,2.8999,2.89,2.89,10290
379,2.881,2.89,2.88,2.89,18904
380,2.89,2.9,2.88,2.888,27916
381,2.89,2.89,2.88,2.88,10951
382,2.9,2.9,2.89,2.8984,9250
383,2.9001,2.91,2.9,2.9015,5044
384,2.8999,2.9099,2.89,2.9001,19700
385,2.898,2.8999,2.88,2.895,19346
386,2.9,2.9299,2.88,2.89,84059
387,2.89,2.91,2.89,2.9075,19100
388,2.89,2.9,2.86,2.89,60917
389,2.865,2.8901,2.86,2.89,39920
390,2.89,2.89,2.87,2.87,57656
391,2.89,2.89,2.89,2.89,0
