Date,Open,High,Low,Close,Volume,Adj Close
2014-01-17,4.46,4.86,4.46,4.77,1768500,4.77
2014-01-16,4.59,4.62,4.41,4.46,1311200,4.46
2014-01-15,4.83,4.92,4.41,4.58,2016400,4.58
2014-01-14,4.62,4.87,4.50,4.82,1216600,4.82
2014-01-13,4.75,4.77,4.47,4.56,1674400,4.56
2014-01-10,4.29,4.74,4.20,4.74,2660400,4.74
2014-01-09,4.28,4.34,4.19,4.26,755100,4.26
2014-01-08,4.12,4.28,4.08,4.28,846400,4.28
2014-01-07,4.30,4.30,4.03,4.14,1168300,4.14
2014-01-06,4.37,4.39,4.17,4.27,1046200,4.27
2014-01-03,4.18,4.43,4.06,4.37,1320800,4.37
2014-01-02,4.34,4.38,4.12,4.20,1009400,4.20
2013-12-31,4.39,4.45,4.29,4.34,835400,4.34
2013-12-30,4.36,4.47,4.25,4.38,830600,4.38
2013-12-27,4.31,4.35,4.14,4.32,1270100,4.32
2013-12-26,4.31,4.39,4.26,4.27,677900,4.27
2013-12-24,4.29,4.35,4.19,4.29,427500,4.29
2013-12-23,4.05,4.29,4.00,4.27,1592900,4.27
2013-12-20,4.03,4.09,3.96,4.00,6942800,4.00
2013-12-19,3.91,4.08,3.91,3.99,933500,3.99
2013-12-18,3.81,4.01,3.74,3.93,1034900,3.93
2013-12-17,3.88,3.88,3.72,3.82,957700,3.82
2013-12-16,4.11,4.11,3.83,3.87,982400,3.87
2013-12-13,3.87,4.00,3.73,3.95,739100,3.95
2013-12-12,3.71,3.96,3.65,3.87,868300,3.87
2013-12-11,3.96,3.96,3.67,3.73,1366400,3.73
2013-12-10,4.08,4.13,3.89,3.99,857400,3.99
2013-12-09,4.25,4.25,3.93,4.08,2075400,4.08
2013-12-06,4.05,4.06,3.78,3.95,877700,3.95
2013-12-05,3.87,3.94,3.80,3.87,541100,3.87
2013-12-04,3.99,4.03,3.78,3.86,746000,3.86
2013-12-03,3.98,4.04,3.78,3.99,1055400,3.99
2013-12-02,4.19,4.22,3.91,3.97,966100,3.97
2013-11-29,4.18,4.33,4.13,4.18,495600,4.18
2013-11-27,4.05,4.19,3.96,4.15,1034300,4.15
2013-11-26,3.95,4.10,3.83,4.01,1488100,4.01
2013-11-25,3.70,3.99,3.62,3.94,1849000,3.94
2013-11-22,3.73,3.78,3.61,3.66,709400,3.66
2013-11-21,3.52,3.67,3.45,3.67,734100,3.67
2013-11-20,3.55,3.65,3.43,3.52,737200,3.52
2013-11-19,3.61,3.68,3.50,3.51,588400,3.51
2013-11-18,3.89,3.91,3.56,3.59,1225100,3.59
2013-11-15,3.59,3.88,3.55,3.83,1677800,3.83
2013-11-14,3.36,3.60,3.36,3.50,910800,3.50
2013-11-13,3.21,3.40,3.20,3.35,790200,3.35
2013-11-12,3.28,3.30,3.20,3.24,529500,3.24
2013-11-11,3.13,3.40,3.11,3.28,947100,3.28
2013-11-08,3.09,3.30,3.05,3.10,1045900,3.10
2013-11-07,3.37,3.48,3.05,3.09,1334700,3.09
2013-11-06,3.59,3.63,3.32,3.35,1149900,3.35
2013-11-05,3.53,3.60,3.46,3.59,757700,3.59
2013-11-04,3.51,3.63,3.51,3.53,864900,3.53
2013-11-01,3.56,3.59,3.50,3.50,1208900,3.50
2013-10-31,3.60,3.75,3.34,3.53,2591900,3.53
2013-10-30,3.59,3.74,3.52,3.66,1020600,3.66
2013-10-29,3.63,3.68,3.50,3.58,2072300,3.58
2013-10-28,3.62,3.77,3.58,3.60,1072600,3.60
2013-10-25,3.66,3.70,3.61,3.62,1635900,3.62
2013-10-24,3.64,3.92,3.57,3.62,10353100,3.62
2013-10-23,4.65,4.78,3.97,4.03,3817900,4.03
2013-10-22,4.77,5.00,4.75,4.93,1085800,4.93
2013-10-21,4.83,5.13,4.66,4.74,1223800,4.74
2013-10-18,5.24,5.24,4.86,4.94,1839000,4.94
2013-10-17,4.50,5.24,4.43,5.18,2371800,5.18
2013-10-16,4.12,4.55,4.10,4.45,947600,4.45
2013-10-15,4.37,4.37,4.05,4.09,876500,4.09
2013-10-14,4.44,4.46,4.26,4.35,432600,4.35
2013-10-11,4.31,4.51,4.27,4.50,536300,4.50
2013-10-10,4.37,4.54,4.25,4.33,682800,4.33
2013-10-09,4.46,4.50,3.85,4.29,2034400,4.29
2013-10-08,4.60,4.60,4.30,4.40,1208500,4.40
2013-10-07,4.65,4.78,4.52,4.60,1291700,4.60
2013-10-04,4.19,4.76,4.18,4.68,2136500,4.68
2013-10-03,4.24,4.33,4.06,4.18,1230600,4.18
2013-10-02,4.14,4.29,4.10,4.23,778800,4.23
2013-10-01,3.92,4.32,3.77,4.20,1919300,4.20
2013-09-30,3.63,4.19,3.62,3.94,3350000,3.94
2013-09-27,3.20,4.04,3.20,3.62,4281600,3.62
2013-09-26,3.20,3.25,3.12,3.18,356000,3.18
2013-09-25,3.27,3.34,3.19,3.19,391900,3.19
2013-09-24,3.23,3.32,3.16,3.26,518900,3.26
2013-09-23,3.29,3.29,3.15,3.22,428800,3.22
2013-09-20,3.31,3.34,3.20,3.28,610300,3.28
2013-09-19,3.25,3.32,3.22,3.29,296600,3.29
2013-09-18,3.24,3.33,3.18,3.28,551500,3.28
2013-09-17,3.15,3.27,3.11,3.23,460400,3.23
2013-09-16,3.20,3.28,3.11,3.14,342400,3.14
2013-09-13,3.21,3.23,3.07,3.18,306600,3.18
2013-09-12,3.24,3.29,3.13,3.21,874100,3.21
2013-09-11,3.23,3.27,3.21,3.27,308000,3.27
2013-09-10,3.31,3.44,3.18,3.24,692900,3.24
2013-09-09,3.14,3.36,3.13,3.31,1078100,3.31
2013-09-06,3.16,3.19,3.06,3.13,641400,3.13
2013-09-05,3.03,3.17,2.99,3.14,756300,3.14
2013-09-04,3.01,3.06,2.94,3.00,459400,3.00
2013-09-03,3.06,3.10,2.98,3.01,448900,3.01
2013-08-30,3.03,3.03,2.94,2.99,246800,2.99
2013-08-29,3.01,3.10,2.98,3.03,290600,3.03
2013-08-28,2.99,3.04,2.96,3.01,276700,3.01
2013-08-27,3.00,3.04,2.96,2.99,440500,2.99
2013-08-26,3.00,3.12,2.98,3.03,469100,3.03
2013-08-23,3.02,3.08,2.96,2.98,260800,2.98
2013-08-22,2.99,3.11,2.92,3.04,209600,3.04
2013-08-21,3.15,3.15,2.95,2.99,569800,2.99
2013-08-20,2.81,3.22,2.75,3.13,857500,3.13
2013-08-19,3.00,3.06,2.79,2.82,613400,2.82
2013-08-16,3.08,3.12,2.90,3.01,1156200,3.01
2013-08-15,3.32,3.42,3.05,3.08,1304900,3.08
2013-08-14,3.45,3.45,3.32,3.37,636300,3.37
2013-08-13,3.44,3.47,3.27,3.44,955800,3.44
2013-08-12,3.11,3.50,3.03,3.40,1806800,3.40
2013-08-09,3.07,3.14,3.00,3.08,1205900,3.08
2013-08-08,3.18,3.28,3.03,3.08,835200,3.08
2013-08-07,3.01,3.19,2.98,3.15,775600,3.15
2013-08-06,3.10,3.12,2.97,3.01,466100,3.01
2013-08-05,3.07,3.17,3.00,3.07,876000,3.07
2013-08-02,3.01,3.03,2.97,3.03,525000,3.03
2013-08-01,3.02,3.02,2.95,2.97,749900,2.97
2013-07-31,2.99,3.03,2.93,3.00,629900,3.00
2013-07-30,3.06,3.08,2.92,2.97,699500,2.97
2013-07-29,3.02,3.11,2.90,2.99,694700,2.99
2013-07-26,2.90,3.04,2.86,3.02,744400,3.02
2013-07-25,2.88,3.02,2.82,2.93,524200,2.93
2013-07-24,2.83,2.98,2.77,2.87,849600,2.87
2013-07-23,2.82,2.90,2.75,2.79,533500,2.79
2013-07-22,2.78,3.00,2.76,2.80,715500,2.80
2013-07-19,2.97,2.99,2.71,2.79,1176000,2.79
2013-07-18,3.16,3.23,2.86,2.93,1754200,2.93
2013-07-17,2.99,3.30,2.95,3.14,2619900,3.14
2013-07-16,2.76,2.99,2.72,2.95,1815000,2.95
2013-07-15,2.67,2.80,2.60,2.78,1155300,2.78
2013-07-12,2.57,2.74,2.56,2.65,1089100,2.65
2013-07-11,2.48,2.63,2.44,2.59,1606100,2.59
2013-07-10,2.43,2.49,2.36,2.45,1879900,2.45
2013-07-09,2.41,2.41,2.30,2.34,661300,2.34
2013-07-08,2.43,2.44,2.32,2.39,928300,2.39
2013-07-05,2.32,2.50,2.29,2.44,1332900,2.44
2013-07-03,2.20,2.40,2.18,2.32,1159900,2.32
2013-07-02,2.11,2.26,2.07,2.21,894900,2.21
2013-07-01,2.22,2.23,2.07,2.11,615500,2.11
2013-06-28,2.28,2.29,2.08,2.11,1740800,2.11
2013-06-27,2.00,2.31,1.98,2.30,2785100,2.30
2013-06-26,1.87,2.02,1.84,1.98,842600,1.98
2013-06-25,1.89,1.93,1.84,1.86,549800,1.86
2013-06-24,1.95,2.00,1.86,1.88,528800,1.88
2013-06-21,1.90,2.04,1.80,1.96,3961800,1.96
2013-06-20,2.00,2.05,1.89,1.90,656900,1.90
2013-06-19,1.94,2.04,1.91,2.00,400500,2.00
2013-06-18,1.95,2.02,1.92,1.94,460500,1.94
2013-06-17,2.06,2.08,1.90,1.95,831300,1.95
2013-06-14,2.16,2.17,2.05,2.06,414900,2.06
2013-06-13,2.12,2.17,2.10,2.17,436400,2.17
2013-06-12,2.24,2.31,2.04,2.08,1033600,2.08
2013-06-11,2.12,2.33,2.10,2.27,1384100,2.27
2013-06-10,1.99,2.17,1.95,2.17,1213000,2.17
2013-06-07,1.97,1.98,1.88,1.97,962700,1.97
2013-06-06,1.81,1.97,1.81,1.96,943600,1.96
2013-06-05,1.92,1.95,1.83,1.85,1473800,1.85
2013-06-04,2.05,2.15,1.91,1.91,1662100,1.91
2013-06-03,2.26,2.28,2.01,2.05,1818700,2.05
2013-05-31,2.36,2.45,2.18,2.18,1962300,2.18
2013-05-30,2.40,2.50,2.33,2.35,1312500,2.35
2013-05-29,2.44,2.50,2.30,2.36,1966400,2.36
2013-05-28,2.38,2.51,2.26,2.51,3415800,2.51
2013-05-24,2.10,2.96,2.08,2.62,16771600,2.62
2013-05-23,1.73,2.02,1.71,2.02,2537100,2.02
2013-05-22,1.79,1.85,1.71,1.71,1201100,1.71
2013-05-21,1.80,1.83,1.76,1.79,605300,1.79
2013-05-20,1.69,1.82,1.68,1.80,1599500,1.80
2013-05-17,1.78,1.82,1.67,1.67,822700,1.67
2013-05-16,1.74,1.85,1.71,1.76,1251400,1.76
2013-05-15,1.66,1.76,1.65,1.69,1185800,1.69
2013-05-14,1.68,1.72,1.63,1.66,809100,1.66
2013-05-13,1.70,1.73,1.66,1.68,344900,1.68
2013-05-10,1.62,1.72,1.62,1.70,717000,1.70
2013-05-09,1.65,1.69,1.62,1.63,479900,1.63
2013-05-08,1.69,1.78,1.63,1.65,830800,1.65
2013-05-07,1.69,1.70,1.65,1.70,269000,1.70
2013-05-06,1.65,1.71,1.65,1.71,398500,1.71
2013-05-03,1.67,1.73,1.63,1.65,729900,1.65
2013-05-02,1.61,1.66,1.55,1.61,1024300,1.61
2013-05-01,1.68,1.73,1.60,1.60,858900,1.60
2013-04-30,1.80,1.80,1.67,1.68,798000,1.68
2013-04-29,1.84,1.89,1.76,1.79,770400,1.79
2013-04-26,1.82,1.87,1.78,1.85,1147300,1.85
2013-04-25,1.78,1.84,1.72,1.81,1191400,1.81
2013-04-24,1.69,1.83,1.66,1.75,1575200,1.75
2013-04-23,1.70,1.70,1.62,1.65,723300,1.65
2013-04-22,1.75,1.75,1.67,1.68,760400,1.68
2013-04-19,1.62,1.74,1.62,1.72,791700,1.72
2013-04-18,1.65,1.69,1.59,1.60,716500,1.60
2013-04-17,1.68,1.68,1.59,1.61,908100,1.61
2013-04-16,1.73,1.73,1.64,1.65,1000400,1.65
2013-04-15,1.73,1.73,1.65,1.68,1087900,1.68
2013-04-12,1.68,1.73,1.68,1.72,790600,1.72
2013-04-11,1.75,1.77,1.60,1.72,1178300,1.72
2013-04-10,1.71,1.81,1.71,1.75,1170300,1.75
2013-04-09,1.74,1.86,1.66,1.71,4304100,1.71
2013-04-08,1.52,1.62,1.51,1.62,1412300,1.62
2013-04-05,1.50,1.59,1.49,1.53,1581800,1.53
2013-04-04,1.54,1.59,1.51,1.52,2029100,1.52
2013-04-03,1.70,1.72,1.55,1.56,3250300,1.56
2013-04-02,1.75,1.80,1.70,1.70,1802800,1.70
2013-04-01,1.85,1.86,1.72,1.76,2363100,1.76
2013-03-28,1.70,1.89,1.68,1.83,5093800,1.83
2013-03-27,1.77,1.91,1.66,1.72,7123700,1.72
2013-03-26,1.91,2.11,1.76,1.82,31149000,1.82
2013-03-25,4.86,5.15,4.86,5.13,2318500,5.13
2013-03-22,4.94,4.99,4.76,4.85,3952800,4.85
2013-03-21,5.35,5.38,5.10,5.14,1787400,5.14
2013-03-20,5.32,5.43,5.00,5.33,2956700,5.33
2013-03-19,5.84,5.93,5.17,5.26,3494200,5.26
2013-03-18,5.65,5.95,5.50,5.71,2488600,5.71
2013-03-15,5.49,5.64,5.36,5.61,2850000,5.61
2013-03-14,5.37,5.60,5.28,5.43,2352300,5.43
2013-03-13,5.42,5.42,5.21,5.26,1812200,5.26
2013-03-12,5.15,5.41,5.08,5.37,2332600,5.37
2013-03-11,5.04,5.21,4.96,5.16,1629500,5.16
2013-03-08,5.01,5.05,4.83,5.04,1392600,5.04
2013-03-07,5.10,5.14,4.87,4.90,1678800,4.90
2013-03-06,4.78,5.11,4.75,5.00,1689600,5.00
2013-03-05,4.68,4.82,4.66,4.74,1140900,4.74
2013-03-04,4.54,4.68,4.53,4.64,1162600,4.64
2013-03-01,4.55,4.58,4.42,4.51,1258900,4.51
2013-02-28,4.50,4.51,4.41,4.44,693100,4.44
2013-02-27,4.60,4.62,4.49,4.51,774400,4.51
2013-02-26,4.51,4.63,4.45,4.62,997300,4.62
2013-02-25,4.54,4.65,4.45,4.47,849000,4.47
2013-02-22,4.54,4.60,4.40,4.50,727600,4.50
2013-02-21,4.67,4.69,4.42,4.51,1215700,4.51
2013-02-20,4.65,4.72,4.59,4.64,1090900,4.64
2013-02-19,4.62,4.73,4.60,4.65,947900,4.65
